1101010101
1101101000
0101000110
1000101001
1110011111
1000011100
0100100110
1101000011
1001001000
0000101011
1111111000
1000011000
1001010011
1001001101
1000101011
0001010101
0001001011
1000101011
1101100101
1001010011
1001001101
1101010110
0000000000
1000110101
0101100011
1000101011
1110110011
0000000000
0100110110
1101001000
0101001110
0100110110
1000011000
1100000011
1000101011
0101111101
0000000000
1000110101
1000110101
1000011000
0001010101
1000110101
0001100110
1100101110
1011100011
0001010101
0101111101
0100101000
1001010011
1000101011
0001010101
0001001011
1000101011
0010110000
0001010101
1101001000
0000000000
1001010011
0101100011
1000101011
1110101101
1000101011
1101111101
1100011000
0010011110
0001011110
1000111011
0100011111
1000011010
0000011111
0000011100
1000100011
0100001000
0000010101
0001111110
1000101011
1000011000
0001001011
1000101011
0100101000
0001010101
1001111110
1000101011
0100110110
0001010101
1001111110
1100000011
1101001000
1000101011
1101001000
1000011000
1101010110
0001100110
1000101011
1000101011
1100101110
1111010101
1101001000
0101001110
1000101011
1110011110
1000011000
0100110110
1100000011
1101001000
1000101011
1111111000
1000011000
1001010011
1001001101
1000101011
0001010101
0001001011
1000101011
1101100101
1001010011
1001001101
1101010110
0000000000
1000110101
0101100011
1000101011
1111111000
1000011000
0000011110
0000011110
1000101011
1101010110
0101001110
0001100110
1000101011
1111010101
1101001000
0001010101
1001111110
1000101011
0001001011
0001010101
0001010101
0000011110
0001100110
1000101011
0111111110
0001010101
1000101011
0000011110
1000011000
1101111011
1000011000
1001010011
1001001101
1000101011
1101010110
0000000000
1001010011
1000101011
1100000011
0000000000
1001010011
1000101011
1000110011
0100011110
0010000000
0101101000
1000111011
1101011110
0101001111
0001100100
1000100011
1000001011
1100001110
1010100011
0000010101
0001111101
0000101000
0001010011
1000101011
0001010101
0001001011
1000101011
0010110000
0001010101
1101001000
0000000000
1001010011
0101100011
1000101011
1110101101
1000101011
0000000000
1101010110
1000101011
1001010011
0001010101
1000101011
1101010110
0000000000
1001010011
0001100110
1000101011
0010011101
0001010101
1001111110
1000101011
0000011110
0001010101
0001010101
0100011011
1000101011
1001111110
0101010000
0001010101
1001010011
1000101011
0000000000
1000101011
0101111101
0001010101
1101010110
0000000000
1001010011
0001100110
1000101011
1000101011
1100101110
0000110011
0100110110
0000000000
0100000101
0000110011
1000101011
1101001000
1000011000
1101010110
1000101011
